    2    4   12
  28.085   1.000
    1    1  0.0150  0.0000  0.0000
 -0.211787   0.000004   0.000003
  0.197933  -0.000005  -0.000002
  0.019195   0.000001   0.000000
 -0.005340  -0.000000  -0.000002
    1    2  0.0000  0.0150  0.0000
 -0.000057  -0.211732   0.000012
  0.000038   0.197887  -0.000026
  0.000011   0.019184   0.000008
  0.000007  -0.005338   0.000006
    1    3  0.0000  0.0000  0.0150
 -0.000002  -0.000065  -0.342439
 -0.000001   0.000080   0.099150
  0.000002  -0.000060   0.233601
 -0.000000   0.000045   0.009689
    2    1  0.0150  0.0000  0.0000
  0.197924   0.000004  -0.000407
 -0.213684  -0.000006  -0.000363
 -0.005240   0.000004   0.000300
  0.020999  -0.000002   0.000471
    2    2  0.0000  0.0150  0.0000
  0.000039   0.197893  -0.000026
 -0.000056  -0.213654   0.000015
  0.000008  -0.005289   0.000008
  0.000009   0.021049   0.000002
    2    3  0.0000  0.0000  0.0150
  0.000001   0.000086   0.099130
  0.000001  -0.000076  -0.326437
  0.000001   0.000045   0.009681
 -0.000002  -0.000055   0.217627
    3    1  0.0150  0.0000  0.0000
  0.019204  -0.000001  -0.000025
 -0.005213   0.000001  -0.000133
 -0.020799   0.000001   0.000081
  0.006808  -0.000001   0.000076
    3    2  0.0000  0.0150  0.0000
  0.000036   0.019242   0.000007
  0.000049  -0.005191   0.000000
 -0.000167  -0.020911  -0.000012
  0.000082   0.006861   0.000004
    3    3  0.0000  0.0000  0.0150
  0.000004   0.000026   0.233434
  0.000002   0.000003   0.009689
 -0.000009  -0.000081  -0.242901
  0.000002   0.000052  -0.000222
    4    1  0.0150  0.0000  0.0000
 -0.005274   0.000004   0.000084
  0.021151  -0.000002   0.000166
  0.006820  -0.000002  -0.000228
 -0.022697  -0.000000  -0.000023
    4    2  0.0000  0.0150  0.0000
  0.000046  -0.005220  -0.000002
  0.000031   0.021138  -0.000008
  0.000080   0.006861  -0.000002
 -0.000158  -0.022778   0.000011
    4    3  0.0000  0.0000  0.0150
 -0.000002   0.000001   0.009673
 -0.000005   0.000008   0.217450
 -0.000002   0.000051  -0.000236
  0.000009  -0.000059  -0.226887
