 BORN EFFECTIVE CHARGES (including local field effects) (in e, cummulative output)
 ---------------------------------------------------------------------------------
 ion    1
    1     0.39450     0.00000    -0.00002
    2    -0.00001     0.39423     0.00005
    3    -0.00000     0.00002     0.14373
 ion    2
    1     0.39435    -0.00001     0.00002
    2     0.00001     0.39464    -0.00005
    3     0.00001    -0.00002     0.14375
 ion    3
    1    -0.39446    -0.00000     0.00002
    2     0.00003    -0.39440    -0.00005
    3    -0.00000     0.00000    -0.14373
 ion    4
    1    -0.39439     0.00001    -0.00002
    2    -0.00002    -0.39446     0.00006
    3    -0.00000    -0.00000    -0.14375
