    2    4   12
  28.085   1.000
    1    1  0.0150  0.0000  0.0000
 -0.211661   0.000006   0.000005
  0.197813  -0.000006  -0.000007
  0.019146   0.000001  -0.000001
 -0.005298  -0.000001   0.000004
    1    2  0.0000  0.0150  0.0000
 -0.000055  -0.211612   0.000015
  0.000037   0.197765  -0.000026
  0.000011   0.019165   0.000005
  0.000007  -0.005318   0.000006
    1    3  0.0000  0.0000  0.0150
  0.000001  -0.000061  -0.342707
 -0.000000   0.000080   0.099428
 -0.000000  -0.000064   0.233567
 -0.000000   0.000046   0.009712
    2    1  0.0150  0.0000  0.0000
  0.197803   0.000004  -0.000408
 -0.211640  -0.000004  -0.000376
 -0.005251   0.000003   0.000291
  0.019088  -0.000003   0.000493
    2    2  0.0000  0.0150  0.0000
  0.000038   0.197772  -0.000026
 -0.000053  -0.211611   0.000012
  0.000007  -0.005300   0.000008
  0.000008   0.019139   0.000006
    2    3  0.0000  0.0000  0.0150
 -0.000001   0.000085   0.099407
  0.000000  -0.000074  -0.342603
 -0.000000   0.000045   0.009699
  0.000000  -0.000056   0.233497
    3    1  0.0150  0.0000  0.0000
  0.019190  -0.000001  -0.000030
 -0.005227   0.000001  -0.000139
 -0.020846   0.000001   0.000088
  0.006882  -0.000001   0.000080
    3    2  0.0000  0.0150  0.0000
  0.000035   0.019223  -0.000001
  0.000049  -0.005201  -0.000003
 -0.000166  -0.020959   0.000003
  0.000082   0.006937   0.000000
    3    3  0.0000  0.0000  0.0150
 -0.000000   0.000019   0.233416
 -0.000000   0.000000   0.009715
  0.000001  -0.000068  -0.242910
  0.000000   0.000049  -0.000221
    4    1  0.0150  0.0000  0.0000
 -0.005249   0.000004   0.000085
  0.019250  -0.000002   0.000175
  0.006900  -0.000002  -0.000223
 -0.020902   0.000000  -0.000036
    4    2  0.0000  0.0150  0.0000
  0.000050  -0.005195  -0.000001
  0.000033   0.019239  -0.000002
  0.000083   0.006941   0.000001
 -0.000165  -0.020985   0.000002
    4    3  0.0000  0.0000  0.0150
 -0.000000   0.000004   0.009682
  0.000000   0.000016   0.233329
 -0.000000   0.000056  -0.000224
  0.000000  -0.000076  -0.242786
