Automatically generated mesh
     254
Reciprocal lattice
    0.00000000000000    0.00000000000000    0.00000000000000             1
    0.07692307692308    0.00000000000000   -0.00000000000000             2
    0.15384615384615    0.00000000000000   -0.00000000000000             2
    0.23076923076923    0.00000000000000   -0.00000000000000             2
    0.30769230769231    0.00000000000000   -0.00000000000000             2
    0.38461538461539    0.00000000000000   -0.00000000000000             2
    0.46153846153846    0.00000000000000   -0.00000000000000             2
    0.00000000000000    0.07692307692308    0.00000000000000             2
    0.07692307692308    0.07692307692308   -0.00000000000000             2
    0.15384615384615    0.07692307692308   -0.00000000000000             2
    0.23076923076923    0.07692307692308   -0.00000000000000             2
    0.30769230769231    0.07692307692308   -0.00000000000000             2
    0.38461538461539    0.07692307692308   -0.00000000000000             2
    0.46153846153846    0.07692307692308   -0.00000000000000             2
   -0.46153846153846    0.07692307692308    0.00000000000000             2
   -0.38461538461539    0.07692307692308    0.00000000000000             2
   -0.30769230769231    0.07692307692308    0.00000000000000             2
   -0.23076923076923    0.07692307692308    0.00000000000000             2
   -0.15384615384615    0.07692307692308    0.00000000000000             2
   -0.07692307692308    0.07692307692308    0.00000000000000             2
    0.00000000000000    0.15384615384615    0.00000000000000             2
    0.07692307692308    0.15384615384615    0.00000000000000             2
    0.15384615384615    0.15384615384615   -0.00000000000000             2
    0.23076923076923    0.15384615384615   -0.00000000000000             2
    0.30769230769231    0.15384615384615   -0.00000000000000             2
    0.38461538461538    0.15384615384615   -0.00000000000000             2
    0.46153846153846    0.15384615384615   -0.00000000000000             2
   -0.46153846153846    0.15384615384615    0.00000000000000             2
   -0.38461538461539    0.15384615384615    0.00000000000000             2
   -0.30769230769231    0.15384615384615    0.00000000000000             2
   -0.23076923076923    0.15384615384615    0.00000000000000             2
   -0.15384615384615    0.15384615384615    0.00000000000000             2
   -0.07692307692308    0.15384615384615    0.00000000000000             2
    0.00000000000000    0.23076923076923    0.00000000000000             2
    0.07692307692308    0.23076923076923    0.00000000000000             2
    0.15384615384615    0.23076923076923    0.00000000000000             2
    0.23076923076923    0.23076923076923   -0.00000000000000             2
    0.30769230769231    0.23076923076923    0.00000000000000             2
    0.38461538461539    0.23076923076923   -0.00000000000000             2
    0.46153846153846    0.23076923076923   -0.00000000000000             2
   -0.46153846153846    0.23076923076923    0.00000000000000             2
   -0.38461538461539    0.23076923076923    0.00000000000000             2
   -0.30769230769231    0.23076923076923    0.00000000000000             2
   -0.23076923076923    0.23076923076923    0.00000000000000             2
   -0.15384615384615    0.23076923076923    0.00000000000000             2
   -0.07692307692308    0.23076923076923    0.00000000000000             2
    0.00000000000000    0.30769230769231    0.00000000000000             2
    0.07692307692308    0.30769230769231    0.00000000000000             2
    0.15384615384615    0.30769230769231   -0.00000000000000             2
    0.23076923076923    0.30769230769231   -0.00000000000000             2
    0.30769230769231    0.30769230769231   -0.00000000000000             2
    0.38461538461539    0.30769230769231   -0.00000000000000             2
    0.46153846153846    0.30769230769231   -0.00000000000000             2
   -0.46153846153846    0.30769230769231    0.00000000000000             2
   -0.38461538461539    0.30769230769231    0.00000000000000             2
   -0.30769230769231    0.30769230769231    0.00000000000000             2
   -0.23076923076923    0.30769230769231    0.00000000000000             2
   -0.15384615384615    0.30769230769231    0.00000000000000             2
   -0.07692307692308    0.30769230769231    0.00000000000000             2
    0.00000000000000    0.38461538461539    0.00000000000000             2
    0.07692307692308    0.38461538461539    0.00000000000000             2
    0.15384615384615    0.38461538461539    0.00000000000000             2
    0.23076923076923    0.38461538461538   -0.00000000000000             2
    0.30769230769231    0.38461538461539   -0.00000000000000             2
    0.38461538461538    0.38461538461539   -0.00000000000000             2
    0.46153846153846    0.38461538461539   -0.00000000000000             2
   -0.46153846153846    0.38461538461538    0.00000000000000             2
   -0.38461538461539    0.38461538461539    0.00000000000000             2
   -0.30769230769231    0.38461538461539    0.00000000000000             2
   -0.23076923076923    0.38461538461539    0.00000000000000             2
   -0.15384615384615    0.38461538461539    0.00000000000000             2
   -0.07692307692308    0.38461538461539    0.00000000000000             2
    0.00000000000000    0.46153846153846    0.00000000000000             2
    0.07692307692308    0.46153846153846    0.00000000000000             2
    0.15384615384615    0.46153846153846    0.00000000000000             2
    0.23076923076923    0.46153846153846    0.00000000000000             2
    0.30769230769231    0.46153846153846    0.00000000000000             2
    0.38461538461538    0.46153846153846   -0.00000000000000             2
    0.46153846153846    0.46153846153846   -0.00000000000000             2
   -0.46153846153846    0.46153846153846    0.00000000000000             2
   -0.38461538461539    0.46153846153846    0.00000000000000             2
   -0.30769230769231    0.46153846153846    0.00000000000000             2
   -0.23076923076923    0.46153846153846    0.00000000000000             2
   -0.15384615384615    0.46153846153846    0.00000000000000             2
   -0.07692307692308    0.46153846153846    0.00000000000000             2
    0.00000000000000   -0.00000000000000    0.33333333333333             2
    0.07692307692308    0.00000000000000    0.33333333333333             2
    0.15384615384615    0.00000000000000    0.33333333333333             2
    0.23076923076923    0.00000000000000    0.33333333333333             2
    0.30769230769231    0.00000000000000    0.33333333333333             2
    0.38461538461538    0.00000000000000    0.33333333333333             2
    0.46153846153846    0.00000000000000    0.33333333333333             2
   -0.46153846153846   -0.00000000000000    0.33333333333333             2
   -0.38461538461539   -0.00000000000000    0.33333333333333             2
   -0.30769230769231   -0.00000000000000    0.33333333333333             2
   -0.23076923076923   -0.00000000000000    0.33333333333333             2
   -0.15384615384615   -0.00000000000000    0.33333333333333             2
   -0.07692307692308   -0.00000000000000    0.33333333333333             2
    0.00000000000000    0.07692307692308    0.33333333333333             2
    0.07692307692308    0.07692307692308    0.33333333333333             2
    0.15384615384615    0.07692307692308    0.33333333333333             2
    0.23076923076923    0.07692307692308    0.33333333333333             2
    0.30769230769231    0.07692307692308    0.33333333333333             2
    0.38461538461538    0.07692307692308    0.33333333333333             2
    0.46153846153846    0.07692307692308    0.33333333333333             2
   -0.46153846153846    0.07692307692308    0.33333333333333             2
   -0.38461538461539    0.07692307692308    0.33333333333333             2
   -0.30769230769231    0.07692307692308    0.33333333333333             2
   -0.23076923076923    0.07692307692308    0.33333333333333             2
   -0.15384615384615    0.07692307692308    0.33333333333333             2
   -0.07692307692308    0.07692307692308    0.33333333333333             2
    0.00000000000000    0.15384615384615    0.33333333333333             2
    0.07692307692308    0.15384615384615    0.33333333333333             2
    0.15384615384615    0.15384615384615    0.33333333333333             2
    0.23076923076923    0.15384615384615    0.33333333333333             2
    0.30769230769231    0.15384615384615    0.33333333333333             2
    0.38461538461538    0.15384615384615    0.33333333333333             2
    0.46153846153846    0.15384615384615    0.33333333333333             2
   -0.46153846153846    0.15384615384615    0.33333333333333             2
   -0.38461538461539    0.15384615384615    0.33333333333333             2
   -0.30769230769231    0.15384615384615    0.33333333333333             2
   -0.23076923076923    0.15384615384615    0.33333333333333             2
   -0.15384615384615    0.15384615384615    0.33333333333333             2
   -0.07692307692308    0.15384615384615    0.33333333333333             2
    0.00000000000000    0.23076923076923    0.33333333333333             2
    0.07692307692308    0.23076923076923    0.33333333333333             2
    0.15384615384615    0.23076923076923    0.33333333333333             2
    0.23076923076923    0.23076923076923    0.33333333333333             2
    0.30769230769231    0.23076923076923    0.33333333333333             2
    0.38461538461538    0.23076923076923    0.33333333333333             2
    0.46153846153846    0.23076923076923    0.33333333333333             2
   -0.46153846153846    0.23076923076923    0.33333333333333             2
   -0.38461538461539    0.23076923076923    0.33333333333333             2
   -0.30769230769231    0.23076923076923    0.33333333333333             2
   -0.23076923076923    0.23076923076923    0.33333333333333             2
   -0.15384615384615    0.23076923076923    0.33333333333333             2
   -0.07692307692308    0.23076923076923    0.33333333333333             2
    0.00000000000000    0.30769230769231    0.33333333333333             2
    0.07692307692308    0.30769230769231    0.33333333333333             2
    0.15384615384615    0.30769230769231    0.33333333333333             2
    0.23076923076923    0.30769230769231    0.33333333333333             2
    0.30769230769231    0.30769230769231    0.33333333333333             2
    0.38461538461538    0.30769230769231    0.33333333333333             2
    0.46153846153846    0.30769230769231    0.33333333333333             2
   -0.46153846153846    0.30769230769231    0.33333333333333             2
   -0.38461538461539    0.30769230769231    0.33333333333333             2
   -0.30769230769231    0.30769230769231    0.33333333333333             2
   -0.23076923076923    0.30769230769231    0.33333333333333             2
   -0.15384615384615    0.30769230769231    0.33333333333333             2
   -0.07692307692308    0.30769230769231    0.33333333333333             2
    0.00000000000000    0.38461538461538    0.33333333333333             2
    0.07692307692308    0.38461538461538    0.33333333333333             2
    0.15384615384615    0.38461538461539    0.33333333333333             2
    0.23076923076923    0.38461538461538    0.33333333333333             2
    0.30769230769231    0.38461538461539    0.33333333333333             2
    0.38461538461538    0.38461538461539    0.33333333333333             2
    0.46153846153846    0.38461538461538    0.33333333333333             2
   -0.46153846153846    0.38461538461539    0.33333333333333             2
   -0.38461538461539    0.38461538461539    0.33333333333333             2
   -0.30769230769231    0.38461538461538    0.33333333333333             2
   -0.23076923076923    0.38461538461538    0.33333333333333             2
   -0.15384615384615    0.38461538461538    0.33333333333333             2
   -0.07692307692308    0.38461538461538    0.33333333333333             2
    0.00000000000000    0.46153846153846    0.33333333333333             2
    0.07692307692308    0.46153846153846    0.33333333333333             2
    0.15384615384615    0.46153846153846    0.33333333333333             2
    0.23076923076923    0.46153846153846    0.33333333333333             2
    0.30769230769231    0.46153846153846    0.33333333333333             2
    0.38461538461539    0.46153846153846    0.33333333333333             2
    0.46153846153846    0.46153846153846    0.33333333333333             2
   -0.46153846153846    0.46153846153846    0.33333333333333             2
   -0.38461538461539    0.46153846153846    0.33333333333333             2
   -0.30769230769231    0.46153846153846    0.33333333333333             2
   -0.23076923076923    0.46153846153846    0.33333333333333             2
   -0.15384615384615    0.46153846153846    0.33333333333333             2
   -0.07692307692308    0.46153846153846    0.33333333333333             2
    0.00000000000000   -0.46153846153846    0.33333333333333             2
    0.07692307692308   -0.46153846153846    0.33333333333333             2
    0.15384615384615   -0.46153846153846    0.33333333333333             2
    0.23076923076923   -0.46153846153846    0.33333333333333             2
    0.30769230769231   -0.46153846153846    0.33333333333333             2
    0.38461538461539   -0.46153846153846    0.33333333333333             2
    0.46153846153846   -0.46153846153846    0.33333333333333             2
   -0.46153846153846   -0.46153846153846    0.33333333333333             2
   -0.38461538461539   -0.46153846153846    0.33333333333333             2
   -0.30769230769231   -0.46153846153846    0.33333333333333             2
   -0.23076923076923   -0.46153846153846    0.33333333333333             2
   -0.15384615384615   -0.46153846153846    0.33333333333333             2
   -0.07692307692308   -0.46153846153846    0.33333333333333             2
   -0.00000000000000   -0.38461538461539    0.33333333333333             2
    0.07692307692308   -0.38461538461539    0.33333333333333             2
    0.15384615384615   -0.38461538461539    0.33333333333333             2
    0.23076923076923   -0.38461538461539    0.33333333333333             2
    0.30769230769231   -0.38461538461539    0.33333333333333             2
    0.38461538461538   -0.38461538461539    0.33333333333333             2
    0.46153846153846   -0.38461538461538    0.33333333333333             2
   -0.46153846153846   -0.38461538461539    0.33333333333333             2
   -0.38461538461539   -0.38461538461539    0.33333333333333             2
   -0.30769230769231   -0.38461538461539    0.33333333333333             2
   -0.23076923076923   -0.38461538461538    0.33333333333333             2
   -0.15384615384615   -0.38461538461538    0.33333333333333             2
   -0.07692307692308   -0.38461538461539    0.33333333333333             2
    0.00000000000000   -0.30769230769231    0.33333333333333             2
    0.07692307692308   -0.30769230769231    0.33333333333333             2
    0.15384615384615   -0.30769230769231    0.33333333333333             2
    0.23076923076923   -0.30769230769231    0.33333333333333             2
    0.30769230769231   -0.30769230769231    0.33333333333333             2
    0.38461538461538   -0.30769230769231    0.33333333333333             2
    0.46153846153846   -0.30769230769231    0.33333333333333             2
   -0.46153846153846   -0.30769230769231    0.33333333333333             2
   -0.38461538461539   -0.30769230769231    0.33333333333333             2
   -0.30769230769231   -0.30769230769231    0.33333333333333             2
   -0.23076923076923   -0.30769230769231    0.33333333333333             2
   -0.15384615384615   -0.30769230769231    0.33333333333333             2
   -0.07692307692308   -0.30769230769231    0.33333333333333             2
    0.00000000000000   -0.23076923076923    0.33333333333333             2
    0.07692307692308   -0.23076923076923    0.33333333333333             2
    0.15384615384615   -0.23076923076923    0.33333333333333             2
    0.23076923076923   -0.23076923076923    0.33333333333333             2
    0.30769230769231   -0.23076923076923    0.33333333333333             2
    0.38461538461538   -0.23076923076923    0.33333333333333             2
    0.46153846153846   -0.23076923076923    0.33333333333333             2
   -0.46153846153846   -0.23076923076923    0.33333333333333             2
   -0.38461538461539   -0.23076923076923    0.33333333333333             2
   -0.30769230769231   -0.23076923076923    0.33333333333333             2
   -0.23076923076923   -0.23076923076923    0.33333333333333             2
   -0.15384615384615   -0.23076923076923    0.33333333333333             2
   -0.07692307692308   -0.23076923076923    0.33333333333333             2
    0.00000000000000   -0.15384615384615    0.33333333333333             2
    0.07692307692308   -0.15384615384615    0.33333333333333             2
    0.15384615384615   -0.15384615384615    0.33333333333333             2
    0.23076923076923   -0.15384615384615    0.33333333333333             2
    0.30769230769231   -0.15384615384615    0.33333333333333             2
    0.38461538461538   -0.15384615384615    0.33333333333333             2
    0.46153846153846   -0.15384615384615    0.33333333333333             2
   -0.46153846153846   -0.15384615384615    0.33333333333333             2
   -0.38461538461539   -0.15384615384615    0.33333333333333             2
   -0.30769230769231   -0.15384615384615    0.33333333333333             2
   -0.23076923076923   -0.15384615384615    0.33333333333333             2
   -0.15384615384615   -0.15384615384615    0.33333333333333             2
   -0.07692307692308   -0.15384615384615    0.33333333333333             2
    0.00000000000000   -0.07692307692308    0.33333333333333             2
    0.07692307692308   -0.07692307692308    0.33333333333333             2
    0.15384615384615   -0.07692307692308    0.33333333333333             2
    0.23076923076923   -0.07692307692308    0.33333333333333             2
    0.30769230769231   -0.07692307692308    0.33333333333333             2
    0.38461538461539   -0.07692307692308    0.33333333333333             2
    0.46153846153846   -0.07692307692308    0.33333333333333             2
   -0.46153846153846   -0.07692307692308    0.33333333333333             2
   -0.38461538461539   -0.07692307692308    0.33333333333333             2
   -0.30769230769231   -0.07692307692308    0.33333333333333             2
   -0.23076923076923   -0.07692307692308    0.33333333333333             2
   -0.15384615384615   -0.07692307692308    0.33333333333333             2
   -0.07692307692308   -0.07692307692308    0.33333333333333             2
Tetrahedra
      1518    0.00032873109796
         2         1         2         8        87
         2         2         8         9        87
         2         8         9        87       100
         2         1         8        86        87
         2         8        86        87        99
         2         8        87        99       100
         2         2         3         9        88
         2         3         9        10        88
         2         9        10        88       101
         2         2         9        87        88
         2         9        87        88       100
         2         9        88       100       101
         2         3         4        10        89
         2         4        10        11        89
         2        10        11        89       102
         2         3        10        88        89
         2        10        88        89       101
         2        10        89       101       102
         2         4         5        11        90
         2         5        11        12        90
         2        11        12        90       103
         2         4        11        89        90
         2        11        89        90       102
         2        11        90       102       103
         2         5         6        12        91
         2         6        12        13        91
         2        12        13        91       104
         2         5        12        90        91
         2        12        90        91       103
         2        12        91       103       104
         2         6         7        13        92
         2         7        13        14        92
         2        13        14        92       105
         2         6        13        91        92
         2        13        91        92       104
         2        13        92       104       105
         2         7         7        14        93
         2         7        14        15        93
         2        14        15        93       106
         2         7        14        92        93
         2        14        92        93       105
         2        14        93       105       106
         2         6         7        15        94
         2         6        15        16        94
         2        15        16        94       107
         2         7        15        93        94
         2        15        93        94       106
         2        15        94       106       107
         2         5         6        16        95
         2         5        16        17        95
         2        16        17        95       108
         2         6        16        94        95
         2        16        94        95       107
         2        16        95       107       108
         2         4         5        17        96
         2         4        17        18        96
         2        17        18        96       109
         2         5        17        95        96
         2        17        95        96       108
         2        17        96       108       109
         2         3         4        18        97
         2         3        18        19        97
         2        18        19        97       110
         2         4        18        96        97
         2        18        96        97       109
         2        18        97       109       110
         2         2         3        19        98
         2         2        19        20        98
         2        19        20        98       111
         2         3        19        97        98
         2        19        97        98       110
         2        19        98       110       111
         2         1         2        20        86
         2         1         8        20        86
         2         8        20        86        99
         2         2        20        86        98
         2        20        86        98       111
         2        20        86        99       111
         2         8         9        21       100
         2         9        21        22       100
         2        21        22       100       113
         2         8        21        99       100
         2        21        99       100       112
         2        21       100       112       113
         2         9        10        22       101
         2        10        22        23       101
         2        22        23       101       114
         2         9        22       100       101
         2        22       100       101       113
         2        22       101       113       114
         2        10        11        23       102
         2        11        23        24       102
         2        23        24       102       115
         2        10        23       101       102
         2        23       101       102       114
         2        23       102       114       115
         2        11        12        24       103
         2        12        24        25       103
         2        24        25       103       116
         2        11        24       102       103
         2        24       102       103       115
         2        24       103       115       116
         2        12        13        25       104
         2        13        25        26       104
         2        25        26       104       117
         2        12        25       103       104
         2        25       103       104       116
         2        25       104       116       117
         2        13        14        26       105
         2        14        26        27       105
         2        26        27       105       118
         2        13        26       104       105
         2        26       104       105       117
         2        26       105       117       118
         2        14        15        27       106
         2        15        27        28       106
         2        27        28       106       119
         2        14        27       105       106
         2        27       105       106       118
         2        27       106       118       119
         2        15        16        28       107
         2        16        28        29       107
         2        28        29       107       120
         2        15        28       106       107
         2        28       106       107       119
         2        28       107       119       120
         2        16        17        29       108
         2        17        29        30       108
         2        29        30       108       121
         2        16        29       107       108
         2        29       107       108       120
         2        29       108       120       121
         2        17        18        30       109
         2        18        30        31       109
         2        30        31       109       122
         2        17        30       108       109
         2        30       108       109       121
         2        30       109       121       122
         2        18        19        31       110
         2        19        31        32       110
         2        31        32       110       123
         2        18        31       109       110
         2        31       109       110       122
         2        31       110       122       123
         2        19        20        32       111
         2        20        32        33       111
         2        32        33       111       124
         2        19        32       110       111
         2        32       110       111       123
         2        32       111       123       124
         2         8        20        33        99
         2         8        21        33        99
         2        21        33        99       112
         2        20        33        99       111
         2        33        99       111       124
         2        33        99       112       124
         2        21        22        34       113
         2        22        34        35       113
         2        34        35       113       126
         2        21        34       112       113
         2        34       112       113       125
         2        34       113       125       126
         2        22        23        35       114
         2        23        35        36       114
         2        35        36       114       127
         2        22        35       113       114
         2        35       113       114       126
         2        35       114       126       127
         2        23        24        36       115
         2        24        36        37       115
         2        36        37       115       128
         2        23        36       114       115
         2        36       114       115       127
         2        36       115       127       128
         2        24        25        37       116
         2        25        37        38       116
         2        37        38       116       129
         2        24        37       115       116
         2        37       115       116       128
         2        37       116       128       129
         2        25        26        38       117
         2        26        38        39       117
         2        38        39       117       130
         2        25        38       116       117
         2        38       116       117       129
         2        38       117       129       130
         2        26        27        39       118
         2        27        39        40       118
         2        39        40       118       131
         2        26        39       117       118
         2        39       117       118       130
         2        39       118       130       131
         2        27        28        40       119
         2        28        40        41       119
         2        40        41       119       132
         2        27        40       118       119
         2        40       118       119       131
         2        40       119       131       132
         2        28        29        41       120
         2        29        41        42       120
         2        41        42       120       133
         2        28        41       119       120
         2        41       119       120       132
         2        41       120       132       133
         2        29        30        42       121
         2        30        42        43       121
         2        42        43       121       134
         2        29        42       120       121
         2        42       120       121       133
         2        42       121       133       134
         2        30        31        43       122
         2        31        43        44       122
         2        43        44       122       135
         2        30        43       121       122
         2        43       121       122       134
         2        43       122       134       135
         2        31        32        44       123
         2        32        44        45       123
         2        44        45       123       136
         2        31        44       122       123
         2        44       122       123       135
         2        44       123       135       136
         2        32        33        45       124
         2        33        45        46       124
         2        45        46       124       137
         2        32        45       123       124
         2        45       123       124       136
         2        45       124       136       137
         2        21        33        46       112
         2        21        34        46       112
         2        34        46       112       125
         2        33        46       112       124
         2        46       112       124       137
         2        46       112       125       137
         2        34        35        47       126
         2        35        47        48       126
         2        47        48       126       139
         2        34        47       125       126
         2        47       125       126       138
         2        47       126       138       139
         2        35        36        48       127
         2        36        48        49       127
         2        48        49       127       140
         2        35        48       126       127
         2        48       126       127       139
         2        48       127       139       140
         2        36        37        49       128
         2        37        49        50       128
         2        49        50       128       141
         2        36        49       127       128
         2        49       127       128       140
         2        49       128       140       141
         2        37        38        50       129
         2        38        50        51       129
         2        50        51       129       142
         2        37        50       128       129
         2        50       128       129       141
         2        50       129       141       142
         2        38        39        51       130
         2        39        51        52       130
         2        51        52       130       143
         2        38        51       129       130
         2        51       129       130       142
         2        51       130       142       143
         2        39        40        52       131
         2        40        52        53       131
         2        52        53       131       144
         2        39        52       130       131
         2        52       130       131       143
         2        52       131       143       144
         2        40        41        53       132
         2        41        53        54       132
         2        53        54       132       145
         2        40        53       131       132
         2        53       131       132       144
         2        53       132       144       145
         2        41        42        54       133
         2        42        54        55       133
         2        54        55       133       146
         2        41        54       132       133
         2        54       132       133       145
         2        54       133       145       146
         2        42        43        55       134
         2        43        55        56       134
         2        55        56       134       147
         2        42        55       133       134
         2        55       133       134       146
         2        55       134       146       147
         2        43        44        56       135
         2        44        56        57       135
         2        56        57       135       148
         2        43        56       134       135
         2        56       134       135       147
         2        56       135       147       148
         2        44        45        57       136
         2        45        57        58       136
         2        57        58       136       149
         2        44        57       135       136
         2        57       135       136       148
         2        57       136       148       149
         2        45        46        58       137
         2        46        58        59       137
         2        58        59       137       150
         2        45        58       136       137
         2        58       136       137       149
         2        58       137       149       150
         2        34        46        59       125
         2        34        47        59       125
         2        47        59       125       138
         2        46        59       125       137
         2        59       125       137       150
         2        59       125       138       150
         2        47        48        60       139
         2        48        60        61       139
         2        60        61       139       152
         2        47        60       138       139
         2        60       138       139       151
         2        60       139       151       152
         2        48        49        61       140
         2        49        61        62       140
         2        61        62       140       153
         2        48        61       139       140
         2        61       139       140       152
         2        61       140       152       153
         2        49        50        62       141
         2        50        62        63       141
         2        62        63       141       154
         2        49        62       140       141
         2        62       140       141       153
         2        62       141       153       154
         2        50        51        63       142
         2        51        63        64       142
         2        63        64       142       155
         2        50        63       141       142
         2        63       141       142       154
         2        63       142       154       155
         2        51        52        64       143
         2        52        64        65       143
         2        64        65       143       156
         2        51        64       142       143
         2        64       142       143       155
         2        64       143       155       156
         2        52        53        65       144
         2        53        65        66       144
         2        65        66       144       157
         2        52        65       143       144
         2        65       143       144       156
         2        65       144       156       157
         2        53        54        66       145
         2        54        66        67       145
         2        66        67       145       158
         2        53        66       144       145
         2        66       144       145       157
         2        66       145       157       158
         2        54        55        67       146
         2        55        67        68       146
         2        67        68       146       159
         2        54        67       145       146
         2        67       145       146       158
         2        67       146       158       159
         2        55        56        68       147
         2        56        68        69       147
         2        68        69       147       160
         2        55        68       146       147
         2        68       146       147       159
         2        68       147       159       160
         2        56        57        69       148
         2        57        69        70       148
         2        69        70       148       161
         2        56        69       147       148
         2        69       147       148       160
         2        69       148       160       161
         2        57        58        70       149
         2        58        70        71       149
         2        70        71       149       162
         2        57        70       148       149
         2        70       148       149       161
         2        70       149       161       162
         2        58        59        71       150
         2        59        71        72       150
         2        71        72       150       163
         2        58        71       149       150
         2        71       149       150       162
         2        71       150       162       163
         2        47        59        72       138
         2        47        60        72       138
         2        60        72       138       151
         2        59        72       138       150
         2        72       138       150       163
         2        72       138       151       163
         2        60        61        73       152
         2        61        73        74       152
         2        73        74       152       165
         2        60        73       151       152
         2        73       151       152       164
         2        73       152       164       165
         2        61        62        74       153
         2        62        74        75       153
         2        74        75       153       166
         2        61        74       152       153
         2        74       152       153       165
         2        74       153       165       166
         2        62        63        75       154
         2        63        75        76       154
         2        75        76       154       167
         2        62        75       153       154
         2        75       153       154       166
         2        75       154       166       167
         2        63        64        76       155
         2        64        76        77       155
         2        76        77       155       168
         2        63        76       154       155
         2        76       154       155       167
         2        76       155       167       168
         2        64        65        77       156
         2        65        77        78       156
         2        77        78       156       169
         2        64        77       155       156
         2        77       155       156       168
         2        77       156       168       169
         2        65        66        78       157
         2        66        78        79       157
         2        78        79       157       170
         2        65        78       156       157
         2        78       156       157       169
         2        78       157       169       170
         2        66        67        79       158
         2        67        79        80       158
         2        79        80       158       171
         2        66        79       157       158
         2        79       157       158       170
         2        79       158       170       171
         2        67        68        80       159
         2        68        80        81       159
         2        80        81       159       172
         2        67        80       158       159
         2        80       158       159       171
         2        80       159       171       172
         2        68        69        81       160
         2        69        81        82       160
         2        81        82       160       173
         2        68        81       159       160
         2        81       159       160       172
         2        81       160       172       173
         2        69        70        82       161
         2        70        82        83       161
         2        82        83       161       174
         2        69        82       160       161
         2        82       160       161       173
         2        82       161       173       174
         2        70        71        83       162
         2        71        83        84       162
         2        83        84       162       175
         2        70        83       161       162
         2        83       161       162       174
         2        83       162       174       175
         2        71        72        84       163
         2        72        84        85       163
         2        84        85       163       176
         2        71        84       162       163
         2        84       162       163       175
         2        84       163       175       176
         2        60        72        85       151
         2        60        73        85       151
         2        73        85       151       164
         2        72        85       151       163
         2        85       151       163       176
         2        85       151       164       176
         2        73        73        74       165
         2        73        74        85       165
         2        73        85       165       178
         2        73        73       164       165
         2        73       164       165       177
         2        73       165       177       178
         2        74        75        85       166
         2        75        84        85       166
         2        84        85       166       179
         2        74        85       165       166
         2        85       165       166       178
         2        85       166       178       179
         2        75        76        84       167
         2        76        83        84       167
         2        83        84       167       180
         2        75        84       166       167
         2        84       166       167       179
         2        84       167       179       180
         2        76        77        83       168
         2        77        82        83       168
         2        82        83       168       181
         2        76        83       167       168
         2        83       167       168       180
         2        83       168       180       181
         2        77        78        82       169
         2        78        81        82       169
         2        81        82       169       182
         2        77        82       168       169
         2        82       168       169       181
         2        82       169       181       182
         2        78        79        81       170
         2        79        80        81       170
         2        80        81       170       183
         2        78        81       169       170
         2        81       169       170       182
         2        81       170       182       183
         4        79        80        80       171
         2        79        80       171       184
         2        79        80       170       171
         2        80       170       171       183
         2        80       171       183       184
         2        79        80        81       172
         2        78        79        81       172
         2        78        79       172       185
         2        79        80       171       172
         2        79       171       172       184
         2        79       172       184       185
         2        78        81        82       173
         2        77        78        82       173
         2        77        78       173       186
         2        78        81       172       173
         2        78       172       173       185
         2        78       173       185       186
         2        77        82        83       174
         2        76        77        83       174
         2        76        77       174       187
         2        77        82       173       174
         2        77       173       174       186
         2        77       174       186       187
         2        76        83        84       175
         2        75        76        84       175
         2        75        76       175       188
         2        76        83       174       175
         2        76       174       175       187
         2        76       175       187       188
         2        75        84        85       176
         2        74        75        85       176
         2        74        75       176       189
         2        75        84       175       176
         2        75       175       176       188
         2        75       176       188       189
         2        73        74        85       164
         2        73        73        74       164
         2        73        74       164       177
         2        74        85       164       176
         2        74       164       176       189
         2        74       164       177       189
         2        60        73        85       178
         2        60        72        85       178
         2        60        72       178       191
         2        60        73       177       178
         2        60       177       178       190
         2        60       178       190       191
         2        72        84        85       179
         2        71        72        84       179
         2        71        72       179       192
         2        72        85       178       179
         2        72       178       179       191
         2        72       179       191       192
         2        71        83        84       180
         2        70        71        83       180
         2        70        71       180       193
         2        71        84       179       180
         2        71       179       180       192
         2        71       180       192       193
         2        70        82        83       181
         2        69        70        82       181
         2        69        70       181       194
         2        70        83       180       181
         2        70       180       181       193
         2        70       181       193       194
         2        69        81        82       182
         2        68        69        81       182
         2        68        69       182       195
         2        69        82       181       182
         2        69       181       182       194
         2        69       182       194       195
         2        68        80        81       183
         2        67        68        80       183
         2        67        68       183       196
         2        68        81       182       183
         2        68       182       183       195
         2        68       183       195       196
         2        67        79        80       184
         2        66        67        79       184
         2        66        67       184       197
         2        67        80       183       184
         2        67       183       184       196
         2        67       184       196       197
         2        66        78        79       185
         2        65        66        78       185
         2        65        66       185       198
         2        66        79       184       185
         2        66       184       185       197
         2        66       185       197       198
         2        65        77        78       186
         2        64        65        77       186
         2        64        65       186       199
         2        65        78       185       186
         2        65       185       186       198
         2        65       186       198       199
         2        64        76        77       187
         2        63        64        76       187
         2        63        64       187       200
         2        64        77       186       187
         2        64       186       187       199
         2        64       187       199       200
         2        63        75        76       188
         2        62        63        75       188
         2        62        63       188       201
         2        63        76       187       188
         2        63       187       188       200
         2        63       188       200       201
         2        62        74        75       189
         2        61        62        74       189
         2        61        62       189       202
         2        62        75       188       189
         2        62       188       189       201
         2        62       189       201       202
         2        61        73        74       177
         2        60        61        73       177
         2        60        61       177       190
         2        61        74       177       189
         2        61       177       189       202
         2        61       177       190       202
         2        47        60        72       191
         2        47        59        72       191
         2        47        59       191       204
         2        47        60       190       191
         2        47       190       191       203
         2        47       191       203       204
         2        59        71        72       192
         2        58        59        71       192
         2        58        59       192       205
         2        59        72       191       192
         2        59       191       192       204
         2        59       192       204       205
         2        58        70        71       193
         2        57        58        70       193
         2        57        58       193       206
         2        58        71       192       193
         2        58       192       193       205
         2        58       193       205       206
         2        57        69        70       194
         2        56        57        69       194
         2        56        57       194       207
         2        57        70       193       194
         2        57       193       194       206
         2        57       194       206       207
         2        56        68        69       195
         2        55        56        68       195
         2        55        56       195       208
         2        56        69       194       195
         2        56       194       195       207
         2        56       195       207       208
         2        55        67        68       196
         2        54        55        67       196
         2        54        55       196       209
         2        55        68       195       196
         2        55       195       196       208
         2        55       196       208       209
         2        54        66        67       197
         2        53        54        66       197
         2        53        54       197       210
         2        54        67       196       197
         2        54       196       197       209
         2        54       197       209       210
         2        53        65        66       198
         2        52        53        65       198
         2        52        53       198       211
         2        53        66       197       198
         2        53       197       198       210
         2        53       198       210       211
         2        52        64        65       199
         2        51        52        64       199
         2        51        52       199       212
         2        52        65       198       199
         2        52       198       199       211
         2        52       199       211       212
         2        51        63        64       200
         2        50        51        63       200
         2        50        51       200       213
         2        51        64       199       200
         2        51       199       200       212
         2        51       200       212       213
         2        50        62        63       201
         2        49        50        62       201
         2        49        50       201       214
         2        50        63       200       201
         2        50       200       201       213
         2        50       201       213       214
         2        49        61        62       202
         2        48        49        61       202
         2        48        49       202       215
         2        49        62       201       202
         2        49       201       202       214
         2        49       202       214       215
         2        48        60        61       190
         2        47        48        60       190
         2        47        48       190       203
         2        48        61       190       202
         2        48       190       202       215
         2        48       190       203       215
         2        34        47        59       204
         2        34        46        59       204
         2        34        46       204       217
         2        34        47       203       204
         2        34       203       204       216
         2        34       204       216       217
         2        46        58        59       205
         2        45        46        58       205
         2        45        46       205       218
         2        46        59       204       205
         2        46       204       205       217
         2        46       205       217       218
         2        45        57        58       206
         2        44        45        57       206
         2        44        45       206       219
         2        45        58       205       206
         2        45       205       206       218
         2        45       206       218       219
         2        44        56        57       207
         2        43        44        56       207
         2        43        44       207       220
         2        44        57       206       207
         2        44       206       207       219
         2        44       207       219       220
         2        43        55        56       208
         2        42        43        55       208
         2        42        43       208       221
         2        43        56       207       208
         2        43       207       208       220
         2        43       208       220       221
         2        42        54        55       209
         2        41        42        54       209
         2        41        42       209       222
         2        42        55       208       209
         2        42       208       209       221
         2        42       209       221       222
         2        41        53        54       210
         2        40        41        53       210
         2        40        41       210       223
         2        41        54       209       210
         2        41       209       210       222
         2        41       210       222       223
         2        40        52        53       211
         2        39        40        52       211
         2        39        40       211       224
         2        40        53       210       211
         2        40       210       211       223
         2        40       211       223       224
         2        39        51        52       212
         2        38        39        51       212
         2        38        39       212       225
         2        39        52       211       212
         2        39       211       212       224
         2        39       212       224       225
         2        38        50        51       213
         2        37        38        50       213
         2        37        38       213       226
         2        38        51       212       213
         2        38       212       213       225
         2        38       213       225       226
         2        37        49        50       214
         2        36        37        49       214
         2        36        37       214       227
         2        37        50       213       214
         2        37       213       214       226
         2        37       214       226       227
         2        36        48        49       215
         2        35        36        48       215
         2        35        36       215       228
         2        36        49       214       215
         2        36       214       215       227
         2        36       215       227       228
         2        35        47        48       203
         2        34        35        47       203
         2        34        35       203       216
         2        35        48       203       215
         2        35       203       215       228
         2        35       203       216       228
         2        21        34        46       217
         2        21        33        46       217
         2        21        33       217       230
         2        21        34       216       217
         2        21       216       217       229
         2        21       217       229       230
         2        33        45        46       218
         2        32        33        45       218
         2        32        33       218       231
         2        33        46       217       218
         2        33       217       218       230
         2        33       218       230       231
         2        32        44        45       219
         2        31        32        44       219
         2        31        32       219       232
         2        32        45       218       219
         2        32       218       219       231
         2        32       219       231       232
         2        31        43        44       220
         2        30        31        43       220
         2        30        31       220       233
         2        31        44       219       220
         2        31       219       220       232
         2        31       220       232       233
         2        30        42        43       221
         2        29        30        42       221
         2        29        30       221       234
         2        30        43       220       221
         2        30       220       221       233
         2        30       221       233       234
         2        29        41        42       222
         2        28        29        41       222
         2        28        29       222       235
         2        29        42       221       222
         2        29       221       222       234
         2        29       222       234       235
         2        28        40        41       223
         2        27        28        40       223
         2        27        28       223       236
         2        28        41       222       223
         2        28       222       223       235
         2        28       223       235       236
         2        27        39        40       224
         2        26        27        39       224
         2        26        27       224       237
         2        27        40       223       224
         2        27       223       224       236
         2        27       224       236       237
         2        26        38        39       225
         2        25        26        38       225
         2        25        26       225       238
         2        26        39       224       225
         2        26       224       225       237
         2        26       225       237       238
         2        25        37        38       226
         2        24        25        37       226
         2        24        25       226       239
         2        25        38       225       226
         2        25       225       226       238
         2        25       226       238       239
         2        24        36        37       227
         2        23        24        36       227
         2        23        24       227       240
         2        24        37       226       227
         2        24       226       227       239
         2        24       227       239       240
         2        23        35        36       228
         2        22        23        35       228
         2        22        23       228       241
         2        23        36       227       228
         2        23       227       228       240
         2        23       228       240       241
         2        22        34        35       216
         2        21        22        34       216
         2        21        22       216       229
         2        22        35       216       228
         2        22       216       228       241
         2        22       216       229       241
         2         8        21        33       230
         2         8        20        33       230
         2         8        20       230       243
         2         8        21       229       230
         2         8       229       230       242
         2         8       230       242       243
         2        20        32        33       231
         2        19        20        32       231
         2        19        20       231       244
         2        20        33       230       231
         2        20       230       231       243
         2        20       231       243       244
         2        19        31        32       232
         2        18        19        31       232
         2        18        19       232       245
         2        19        32       231       232
         2        19       231       232       244
         2        19       232       244       245
         2        18        30        31       233
         2        17        18        30       233
         2        17        18       233       246
         2        18        31       232       233
         2        18       232       233       245
         2        18       233       245       246
         2        17        29        30       234
         2        16        17        29       234
         2        16        17       234       247
         2        17        30       233       234
         2        17       233       234       246
         2        17       234       246       247
         2        16        28        29       235
         2        15        16        28       235
         2        15        16       235       248
         2        16        29       234       235
         2        16       234       235       247
         2        16       235       247       248
         2        15        27        28       236
         2        14        15        27       236
         2        14        15       236       249
         2        15        28       235       236
         2        15       235       236       248
         2        15       236       248       249
         2        14        26        27       237
         2        13        14        26       237
         2        13        14       237       250
         2        14        27       236       237
         2        14       236       237       249
         2        14       237       249       250
         2        13        25        26       238
         2        12        13        25       238
         2        12        13       238       251
         2        13        26       237       238
         2        13       237       238       250
         2        13       238       250       251
         2        12        24        25       239
         2        11        12        24       239
         2        11        12       239       252
         2        12        25       238       239
         2        12       238       239       251
         2        12       239       251       252
         2        11        23        24       240
         2        10        11        23       240
         2        10        11       240       253
         2        11        24       239       240
         2        11       239       240       252
         2        11       240       252       253
         2        10        22        23       241
         2         9        10        22       241
         2         9        10       241       254
         2        10        23       240       241
         2        10       240       241       253
         2        10       241       253       254
         2         9        21        22       229
         2         8         9        21       229
         2         8         9       229       242
         2         9        22       229       241
         2         9       229       241       254
         2         9       229       242       254
         2         1         8        20       243
         2         1         2        20       243
         2         1         2        87       243
         2         1         8       242       243
         2         1        86       242       243
         2         1        86        87       243
         2         2        19        20       244
         2         2         3        19       244
         2         2         3        88       244
         2         2        20       243       244
         2         2        87       243       244
         2         2        87        88       244
         2         3        18        19       245
         2         3         4        18       245
         2         3         4        89       245
         2         3        19       244       245
         2         3        88       244       245
         2         3        88        89       245
         2         4        17        18       246
         2         4         5        17       246
         2         4         5        90       246
         2         4        18       245       246
         2         4        89       245       246
         2         4        89        90       246
         2         5        16        17       247
         2         5         6        16       247
         2         5         6        91       247
         2         5        17       246       247
         2         5        90       246       247
         2         5        90        91       247
         2         6        15        16       248
         2         6         7        15       248
         2         6         7        92       248
         2         6        16       247       248
         2         6        91       247       248
         2         6        91        92       248
         2         7        14        15       249
         2         7         7        14       249
         2         7         7        93       249
         2         7        15       248       249
         2         7        92       248       249
         2         7        92        93       249
         2         7        13        14       250
         2         6         7        13       250
         2         6         7        94       250
         2         7        14       249       250
         2         7        93       249       250
         2         7        93        94       250
         2         6        12        13       251
         2         5         6        12       251
         2         5         6        95       251
         2         6        13       250       251
         2         6        94       250       251
         2         6        94        95       251
         2         5        11        12       252
         2         4         5        11       252
         2         4         5        96       252
         2         5        12       251       252
         2         5        95       251       252
         2         5        95        96       252
         2         4        10        11       253
         2         3         4        10       253
         2         3         4        97       253
         2         4        11       252       253
         2         4        96       252       253
         2         4        96        97       253
         2         3         9        10       254
         2         2         3         9       254
         2         2         3        98       254
         2         3        10       253       254
         2         3        97       253       254
         2         3        97        98       254
         2         2         8         9       242
         2         1         2         8       242
         2         1         2        86       242
         2         2         9       242       254
         2         2        98       242       254
         2         2        86        98       242
         2        86        87        98        99
         2        87        98        99       100
         2        98        99       100       254
         2        86        86        98        99
         2        86        98        99       242
         2        98        99       242       254
         2        87        88        97       100
         2        88        97       100       101
         2        97       100       101       253
         2        87        97        98       100
         2        97        98       100       254
         2        97       100       253       254
         2        88        89        96       101
         2        89        96       101       102
         2        96       101       102       252
         2        88        96        97       101
         2        96        97       101       253
         2        96       101       252       253
         2        89        90        95       102
         2        90        95       102       103
         2        95       102       103       251
         2        89        95        96       102
         2        95        96       102       252
         2        95       102       251       252
         2        90        91        94       103
         2        91        94       103       104
         2        94       103       104       250
         2        90        94        95       103
         2        94        95       103       251
         2        94       103       250       251
         2        91        92        93       104
         2        92        93       104       105
         2        93       104       105       249
         2        91        93        94       104
         2        93        94       104       250
         2        93       104       249       250
         4        92        92        93       105
         2        92        93       105       106
         2        92       105       106       248
         2        92        93       105       249
         2        92       105       248       249
         2        91        93        94       106
         2        91        94       106       107
         2        91       106       107       247
         2        91        92        93       106
         2        91        92       106       248
         2        91       106       247       248
         2        90        94        95       107
         2        90        95       107       108
         2        90       107       108       246
         2        90        91        94       107
         2        90        91       107       247
         2        90       107       246       247
         2        89        95        96       108
         2        89        96       108       109
         2        89       108       109       245
         2        89        90        95       108
         2        89        90       108       246
         2        89       108       245       246
         2        88        96        97       109
         2        88        97       109       110
         2        88       109       110       244
         2        88        89        96       109
         2        88        89       109       245
         2        88       109       244       245
         2        87        97        98       110
         2        87        98       110       111
         2        87       110       111       243
         2        87        88        97       110
         2        87        88       110       244
         2        87       110       243       244
         2        86        86        98       111
         2        86        86        99       111
         2        86        99       111       242
         2        86        87        98       111
         2        86        87       111       243
         2        86       111       242       243
         2        99       100       112       254
         2       100       112       113       254
         2       112       113       241       254
         2        99       112       242       254
         2       112       229       242       254
         2       112       229       241       254
         2       100       101       113       253
         2       101       113       114       253
         2       113       114       240       253
         2       100       113       253       254
         2       113       241       253       254
         2       113       240       241       253
         2       101       102       114       252
         2       102       114       115       252
         2       114       115       239       252
         2       101       114       252       253
         2       114       240       252       253
         2       114       239       240       252
         2       102       103       115       251
         2       103       115       116       251
         2       115       116       238       251
         2       102       115       251       252
         2       115       239       251       252
         2       115       238       239       251
         2       103       104       116       250
         2       104       116       117       250
         2       116       117       237       250
         2       103       116       250       251
         2       116       238       250       251
         2       116       237       238       250
         2       104       105       117       249
         2       105       117       118       249
         2       117       118       236       249
         2       104       117       249       250
         2       117       237       249       250
         2       117       236       237       249
         2       105       106       118       248
         2       106       118       119       248
         2       118       119       235       248
         2       105       118       248       249
         2       118       236       248       249
         2       118       235       236       248
         2       106       107       119       247
         2       107       119       120       247
         2       119       120       234       247
         2       106       119       247       248
         2       119       235       247       248
         2       119       234       235       247
         2       107       108       120       246
         2       108       120       121       246
         2       120       121       233       246
         2       107       120       246       247
         2       120       234       246       247
         2       120       233       234       246
         2       108       109       121       245
         2       109       121       122       245
         2       121       122       232       245
         2       108       121       245       246
         2       121       233       245       246
         2       121       232       233       245
         2       109       110       122       244
         2       110       122       123       244
         2       122       123       231       244
         2       109       122       244       245
         2       122       232       244       245
         2       122       231       232       244
         2       110       111       123       243
         2       111       123       124       243
         2       123       124       230       243
         2       110       123       243       244
         2       123       231       243       244
         2       123       230       231       243
         2        99       111       124       242
         2        99       112       124       242
         2       112       124       229       242
         2       111       124       242       243
         2       124       230       242       243
         2       124       229       230       242
         2       112       113       125       241
         2       113       125       126       241
         2       125       126       228       241
         2       112       125       229       241
         2       125       216       229       241
         2       125       216       228       241
         2       113       114       126       240
         2       114       126       127       240
         2       126       127       227       240
         2       113       126       240       241
         2       126       228       240       241
         2       126       227       228       240
         2       114       115       127       239
         2       115       127       128       239
         2       127       128       226       239
         2       114       127       239       240
         2       127       227       239       240
         2       127       226       227       239
         2       115       116       128       238
         2       116       128       129       238
         2       128       129       225       238
         2       115       128       238       239
         2       128       226       238       239
         2       128       225       226       238
         2       116       117       129       237
         2       117       129       130       237
         2       129       130       224       237
         2       116       129       237       238
         2       129       225       237       238
         2       129       224       225       237
         2       117       118       130       236
         2       118       130       131       236
         2       130       131       223       236
         2       117       130       236       237
         2       130       224       236       237
         2       130       223       224       236
         2       118       119       131       235
         2       119       131       132       235
         2       131       132       222       235
         2       118       131       235       236
         2       131       223       235       236
         2       131       222       223       235
         2       119       120       132       234
         2       120       132       133       234
         2       132       133       221       234
         2       119       132       234       235
         2       132       222       234       235
         2       132       221       222       234
         2       120       121       133       233
         2       121       133       134       233
         2       133       134       220       233
         2       120       133       233       234
         2       133       221       233       234
         2       133       220       221       233
         2       121       122       134       232
         2       122       134       135       232
         2       134       135       219       232
         2       121       134       232       233
         2       134       220       232       233
         2       134       219       220       232
         2       122       123       135       231
         2       123       135       136       231
         2       135       136       218       231
         2       122       135       231       232
         2       135       219       231       232
         2       135       218       219       231
         2       123       124       136       230
         2       124       136       137       230
         2       136       137       217       230
         2       123       136       230       231
         2       136       218       230       231
         2       136       217       218       230
         2       112       124       137       229
         2       112       125       137       229
         2       125       137       216       229
         2       124       137       229       230
         2       137       217       229       230
         2       137       216       217       229
         2       125       126       138       228
         2       126       138       139       228
         2       138       139       215       228
         2       125       138       216       228
         2       138       203       216       228
         2       138       203       215       228
         2       126       127       139       227
         2       127       139       140       227
         2       139       140       214       227
         2       126       139       227       228
         2       139       215       227       228
         2       139       214       215       227
         2       127       128       140       226
         2       128       140       141       226
         2       140       141       213       226
         2       127       140       226       227
         2       140       214       226       227
         2       140       213       214       226
         2       128       129       141       225
         2       129       141       142       225
         2       141       142       212       225
         2       128       141       225       226
         2       141       213       225       226
         2       141       212       213       225
         2       129       130       142       224
         2       130       142       143       224
         2       142       143       211       224
         2       129       142       224       225
         2       142       212       224       225
         2       142       211       212       224
         2       130       131       143       223
         2       131       143       144       223
         2       143       144       210       223
         2       130       143       223       224
         2       143       211       223       224
         2       143       210       211       223
         2       131       132       144       222
         2       132       144       145       222
         2       144       145       209       222
         2       131       144       222       223
         2       144       210       222       223
         2       144       209       210       222
         2       132       133       145       221
         2       133       145       146       221
         2       145       146       208       221
         2       132       145       221       222
         2       145       209       221       222
         2       145       208       209       221
         2       133       134       146       220
         2       134       146       147       220
         2       146       147       207       220
         2       133       146       220       221
         2       146       208       220       221
         2       146       207       208       220
         2       134       135       147       219
         2       135       147       148       219
         2       147       148       206       219
         2       134       147       219       220
         2       147       207       219       220
         2       147       206       207       219
         2       135       136       148       218
         2       136       148       149       218
         2       148       149       205       218
         2       135       148       218       219
         2       148       206       218       219
         2       148       205       206       218
         2       136       137       149       217
         2       137       149       150       217
         2       149       150       204       217
         2       136       149       217       218
         2       149       205       217       218
         2       149       204       205       217
         2       125       137       150       216
         2       125       138       150       216
         2       138       150       203       216
         2       137       150       216       217
         2       150       204       216       217
         2       150       203       204       216
         2       138       139       151       215
         2       139       151       152       215
         2       151       152       202       215
         2       138       151       203       215
         2       151       190       203       215
         2       151       190       202       215
         2       139       140       152       214
         2       140       152       153       214
         2       152       153       201       214
         2       139       152       214       215
         2       152       202       214       215
         2       152       201       202       214
         2       140       141       153       213
         2       141       153       154       213
         2       153       154       200       213
         2       140       153       213       214
         2       153       201       213       214
         2       153       200       201       213
         2       141       142       154       212
         2       142       154       155       212
         2       154       155       199       212
         2       141       154       212       213
         2       154       200       212       213
         2       154       199       200       212
         2       142       143       155       211
         2       143       155       156       211
         2       155       156       198       211
         2       142       155       211       212
         2       155       199       211       212
         2       155       198       199       211
         2       143       144       156       210
         2       144       156       157       210
         2       156       157       197       210
         2       143       156       210       211
         2       156       198       210       211
         2       156       197       198       210
         2       144       145       157       209
         2       145       157       158       209
         2       157       158       196       209
         2       144       157       209       210
         2       157       197       209       210
         2       157       196       197       209
         2       145       146       158       208
         2       146       158       159       208
         2       158       159       195       208
         2       145       158       208       209
         2       158       196       208       209
         2       158       195       196       208
         2       146       147       159       207
         2       147       159       160       207
         2       159       160       194       207
         2       146       159       207       208
         2       159       195       207       208
         2       159       194       195       207
         2       147       148       160       206
         2       148       160       161       206
         2       160       161       193       206
         2       147       160       206       207
         2       160       194       206       207
         2       160       193       194       206
         2       148       149       161       205
         2       149       161       162       205
         2       161       162       192       205
         2       148       161       205       206
         2       161       193       205       206
         2       161       192       193       205
         2       149       150       162       204
         2       150       162       163       204
         2       162       163       191       204
         2       149       162       204       205
         2       162       192       204       205
         2       162       191       192       204
         2       138       150       163       203
         2       138       151       163       203
         2       151       163       190       203
         2       150       163       203       204
         2       163       191       203       204
         2       163       190       191       203
         2       151       152       164       202
         2       152       164       165       202
         2       164       165       189       202
         2       151       164       190       202
         2       164       177       190       202
         2       164       177       189       202
         2       152       153       165       201
         2       153       165       166       201
         2       165       166       188       201
         2       152       165       201       202
         2       165       189       201       202
         2       165       188       189       201
         2       153       154       166       200
         2       154       166       167       200
         2       166       167       187       200
         2       153       166       200       201
         2       166       188       200       201
         2       166       187       188       200
         2       154       155       167       199
         2       155       167       168       199
         2       167       168       186       199
         2       154       167       199       200
         2       167       187       199       200
         2       167       186       187       199
         2       155       156       168       198
         2       156       168       169       198
         2       168       169       185       198
         2       155       168       198       199
         2       168       186       198       199
         2       168       185       186       198
         2       156       157       169       197
         2       157       169       170       197
         2       169       170       184       197
         2       156       169       197       198
         2       169       185       197       198
         2       169       184       185       197
         2       157       158       170       196
         2       158       170       171       196
         2       170       171       183       196
         2       157       170       196       197
         2       170       184       196       197
         2       170       183       184       196
         2       158       159       171       195
         2       159       171       172       195
         2       171       172       182       195
         2       158       171       195       196
         2       171       183       195       196
         2       171       182       183       195
         2       159       160       172       194
         2       160       172       173       194
         2       172       173       181       194
         2       159       172       194       195
         2       172       182       194       195
         2       172       181       182       194
         2       160       161       173       193
         2       161       173       174       193
         2       173       174       180       193
         2       160       173       193       194
         2       173       181       193       194
         2       173       180       181       193
         2       161       162       174       192
         2       162       174       175       192
         2       174       175       179       192
         2       161       174       192       193
         2       174       180       192       193
         2       174       179       180       192
         2       162       163       175       191
         2       163       175       176       191
         2       175       176       178       191
         2       162       175       191       192
         2       175       179       191       192
         2       175       178       179       191
         2       151       163       176       190
         2       151       164       176       190
         2       164       176       177       190
         2       163       176       190       191
         2       176       178       190       191
         2       176       177       178       190
         2       164       165       177       189
         2       165       177       178       189
         2       176       177       178       189
         4       164       177       177       189
         2       164       176       177       189
         2       165       166       178       188
         2       166       178       179       188
         2       175       178       179       188
         2       165       178       188       189
         2       176       178       188       189
         2       175       176       178       188
         2       166       167       179       187
         2       167       179       180       187
         2       174       179       180       187
         2       166       179       187       188
         2       175       179       187       188
         2       174       175       179       187
         2       167       168       180       186
         2       168       180       181       186
         2       173       180       181       186
         2       167       180       186       187
         2       174       180       186       187
         2       173       174       180       186
         2       168       169       181       185
         2       169       181       182       185
         2       172       181       182       185
         2       168       181       185       186
         2       173       181       185       186
         2       172       173       181       185
         2       169       170       182       184
         2       170       182       183       184
         2       171       182       183       184
         2       169       182       184       185
         2       172       182       184       185
         2       171       172       182       184
         2       170       171       183       183
         2       171       183       183       184
         2       170       183       183       184
